

R = 1.5 * 10^3;
C = 22 * 10^(-9);

H = s